4294967294,0
4294967278,192
4294967279,335
4294967278,436
4294967278,418
50,2
4294967279,191
4294967278,394
4294967279,404
4294967279,260
4294967278,188
4294967278,187
4294967279,394
4294967278,319
4294967279,393
4294967278,334
40,2
4294967278,300
4294967278,405
4294967278,182
4294967278,432
4294967279,325
4294967279,410
4294967278,299
4294967278,331
4294967278,178
4294967279,179
4294967278,177
4294967279,178
4294967278,176
4294967279,176
4294967279,332
4294967279,331
4294967279,475
4294967279,171
4294967278,393
4294967279,385
4294967279,320
4294967279,0
4294967279,163
4294967279,317
4294967279,316
4294967279,294
4294967279,158
4294967279,400
4294967279,153
4294967279,330
4294967279,293
4294967278,392
4294967278,347
4294967278,0
4294967279,292
4294967279,148
4294967279,307
4294967279,140
45,2
4294967279,276
4294967279,134
4294967294,5
45,6
42,5
4294967294,7
4294967279,273
4294967278,132
4294967278,131
4294967278,130
4294967278,129
4294967278,128
4294967278,127
4294967278,126
4294967278,125
4294967278,124
4294967278,123
4294967278,122
4294967278,121
4294967278,120
4294967278,119
4294967278,118
4294967278,117
4294967278,116
4294967278,115
4294967278,114
4294967278,113
4294967278,112
4294967278,111
4294967278,110
4294967278,109
4294967278,108
4294967278,107
4294967278,106
4294967278,105
4294967278,104
4294967278,103
4294967278,102
4294967278,101
4294967278,100
4294967278,99
4294967278,98
4294967278,97
4294967278,96
4294967278,95
4294967278,94
4294967278,93
4294967278,92
4294967278,91
4294967278,90
4294967278,89
4294967278,87
4294967278,86
4294967278,85
4294967278,84
4294967278,83
4294967278,82
4294967278,81
4294967278,80
4294967278,79
4294967278,78
4294967278,77
4294967278,76
4294967278,75
4294967278,74
4294967278,73
4294967278,72
4294967278,71
4294967278,70
4294967278,69
4294967278,68
4294967278,67
4294967278,66
4294967278,65
4294967278,64
4294967278,63
4294967278,62
4294967278,61
4294967279,84
4294967279,83
4294967279,76
4294967279,74
4294967279,71
4294967279,70
4294967279,69
4294967279,68
4294967279,66
4294967279,65
4294967279,61
4294967279,56
4294967279,55
4294967279,53
4294967279,50
4294967279,44
4294967279,39
4294967279,33
4294967279,32
4294967279,29
4294967279,25
4294967279,18
4294967279,16
4294967279,12
4294967279,11
4294967279,10
4294967279,8
4294967279,7
4294967279,6
4294967279,5
4294967279,4
45,5
49,6
49,4
46,4
40,5
49,1
4294967279,271
45,1
4294967279,270
45,4
42,4
42,1
40,1
35,4
35,1
50,5
50,4
50,1
40,4
4294967294,116
4294967294,46
4294967294,115
4294967294,165
4294967294,160
4294967294,168
4294967294,106
4294967294,166
4294967294,24
4294967294,189
4294967294,183
4294967294,177
4294967294,422
4294967294,1
0,5
4294967294,6
4294967294,93
4294967294,95
4294967294,22
4294967294,17
4294967294,39
4294967294,42
4294967294,76
4294967294,418
4294967294,51
4294967294,52
4294967294,472
4294967294,25
4294967294,26
4294967294,970
4294967294,83
4294967294,81
4294967294,67
4294967294,11
4294967294,13
4294967294,127
4294967294,126
4294967294,68
4243767290,0
4294967294,1669
4294967278,391
4294967293,131
4294967293,130
4294967293,129
4294967293,128
4294967293,127
4294967293,126
4294967293,125
4294967293,124
4294967293,123
4294967293,122
4294967293,121
4294967293,120
4294967293,119
4294967293,118
4294967293,117
4294967293,116
4294967293,115
4294967293,114
4294967293,113
4294967293,112
4294967293,111
4294967293,110
4294967293,109
4294967293,108
4294967293,107
4294967293,106
4294967293,105
4294967293,104
4294967293,103
4294967293,102
4294967293,101
4294967293,100
4294967293,99
4294967293,98
4294967293,97
4294967293,96
4294967293,95
4294967293,94
4294967293,93
4294967293,92
4294967293,91
4294967293,90
4294967293,89
4294967293,88
4294967293,87
4294967293,86
4294967293,85
4294967293,84
4294967293,83
4294967293,82
4294967293,81
4294967293,80
4294967293,79
4294967293,78
4294967293,77
4294967293,76
4294967293,75
4294967293,74
4294967293,73
4294967293,72
4294967293,71
4294967293,70
4294967293,69
4294967293,68
4294967293,67
4294967293,66
4294967293,65
4294967293,64
4294967293,63
4294967293,62
4294967293,61
4294967293,60
4294967293,59
4294967293,58
4294967293,57
4294967293,56
4294967293,55
4294967293,54
4294967293,53
4294967293,52
4294967293,51
4294967293,50
4294967293,49
4294967293,48
4294967293,47
4294967293,46
4294967293,45
