4294967294,0
4294967279,13
4294967279,12
4294967279,11
4294967294,443
4294967294,192
4294967294,159
4294967294,1417
4294967294,431
4294967278,159
4294967294,428
4294967294,429
4294967294,433
4294967294,602
4294967294,446
4294967294,444
4294967294,584
4294967294,424
4294967294,423
4294967279,393
4294967279,260
4294967279,0
4294967294,427
4294967294,103
4294967294,66
4294967294,92
4294967294,35
4294967278,132
4294967278,131
4294967278,130
4294967278,256
4294967278,129
4294967278,128
4294967278,127
4294967278,255
4294967278,126
4294967278,125
4294967278,124
4294967278,123
4294967278,122
4294967278,121
4294967278,120
4294967278,119
4294967278,245
4294967278,118
4294967278,117
4294967278,116
4294967278,239
4294967278,115
4294967278,114
4294967278,113
4294967278,235
4294967278,112
4294967278,111
4294967278,110
4294967278,229
4294967278,109
4294967278,108
4294967278,107
4294967278,223
4294967278,106
4294967278,221
4294967278,105
4294967278,219
4294967278,104
4294967278,217
4294967278,103
4294967278,102
4294967278,101
4294967278,100
4294967278,99
4294967278,98
4294967278,97
4294967278,96
4294967278,95
4294967278,94
4294967278,93
4294967278,92
4294967278,91
4294967278,90
4294967278,89
4294967278,87
4294967278,86
4294967278,85
4294967278,84
4294967278,83
4294967278,82
4294967278,81
4294967278,80
4294967278,79
4294967278,78
4294967278,77
4294967278,76
4294967278,75
4294967278,74
4294967278,73
4294967278,72
4294967278,71
4294967278,70
4294967278,69
4294967278,68
4294967278,67
4294967278,66
4294967278,65
4294967278,64
4294967278,63
4294967278,62
4294967278,61
4294967278,60
4294967278,59
4294967278,58
4294967278,57
4294967278,56
4294967278,55
4294967278,54
4294967278,53
4294967278,52
4294967278,51
4294967278,50
4294967278,49
4294967278,48
4294967278,47
4294967278,46
4294967278,44
4294967278,43
4294967278,42
4294967278,41
4294967278,40
4294967278,39
4294967278,38
4294967278,0
4294967279,19
4294967279,289
4294967279,16
4294967279,10
4294967279,9
4294967279,8
4294967279,7
4294967279,261
4294967279,6
4294967279,5
4294967279,4
4294967278,45
0,5
4294967294,7
4294967294,22
4294967294,17
4294967294,67
4294967294,43
4294967294,418
4294967294,25
4294967294,252
4294967294,26
4294967294,266
4294967294,83
4294967278,326
4294967278,325
4294967278,324
4294967294,221
4294967279,392
22,5
22,4
22,3
22,2
22,1
4294967278,323
4294967279,391
4294967278,322
4294967279,390
21,6
21,5
21,4
21,3
21,2
21,1
4294967278,321
4294967278,320
4294967279,389
4294967278,319
4294967278,318
4294967278,317
4294967279,388
4294967279,387
4294967279,386
4294967279,385
4294967278,316
4294967278,315
4294967278,314
4294967279,384
4294967278,313
4294967279,319
4294967278,312
4294967279,318
18,5
18,4
18,3
18,2
18,1
4294967279,317
4294967279,316
4294967278,311
4294967294,474
17,6
17,5
17,4
17,3
17,2
17,1
4294967278,310
4294967278,309
4294967279,315
14,4
14,3
14,2
14,1
4294967278,308
4294967279,314
4294967278,307
4294967279,313
4294967278,306
4294967279,312
4294967278,305
4294967279,311
13,6
13,5
13,4
13,3
13,2
13,1
4294967278,304
4294967278,303
4294967279,310
4294967278,302
4294967279,309
4294967278,301
4294967279,308
4294967278,300
4294967278,299
4294967279,307
4294967278,298
4294967279,306
4294967279,305
10,5
10,4
10,3
10,2
10,1
4294967278,297
4294967279,304
4294967278,296
4294967279,303
4294967279,302
8,5
8,4
8,3
8,2
8,1
4294967278,295
4294967294,269
4294967279,301
4294967278,294
4294967278,293
7,6
4294967278,292
4294967279,300
4294967279,299
7,5
7,4
7,3
7,2
7,1
4294967278,291
4294967294,473
4294967279,298
4294967278,290
4294967278,289
6,5
6,4
6,3
6,2
6,1
4294967279,297
4294967294,1422
4294967294,1421
4294967294,1420
4294967294,187
4294967278,288
4294967279,296
4294967279,295
5,5
5,4
5,3
5,2
5,1
4294967294,430
4294967278,287
4,4
4,3
4,2
4,1
